42399005 42399005
80891009 74281007
230690007 55641003
363681007 17369002
48500005 58214004
42343007 19242006
128462008 443961001
125369001 415582006
267060006 51197009
79619009 49436004
59282003 22298006
69896004 200936003
254935002 1386000
57406009 396275006
73211009 38341003
11381005 61968008
255631004 418634005
32498003 179344006
51615001 363358000
70179006 73761001
128863005 363429002
24700007 69322001
74400008 64859006
39772007 261051005
87715008 420054005
13200003 57190000
35489007 128045006
399989005 244568009
55822004 363346000